=== Exam Results ===
Name column: First name , Last name
Number of questions: 27
Filtered by: November 2025 Program
Total students checked: 28
============================================================


============================================================
group 1
Students: 4
============================================================

Bianca, Arguello: 1, 3, 4, 9, 13, 14, 15, 16, 17, 18, 19, 20, 22, 25, 27
ivana figueroa: 2, 3, 4, 5, 9, 10, 11, 13, 14, 15, 16, 17, 19, 20, 22, 23, 24, 25, 27
Elise Vega: 1, 3, 5, 7, 9, 10, 12, 13, 14, 15, 16, 17, 19, 20, 23, 24, 25, 27
Alice Claveria: 1, 2, 3, 5, 7, 8, 9, 11, 15, 16, 18, 19, 20, 22, 24, 25, 27

============================================================
group 2
Students: 3
============================================================

Liana Baker: 5, 9, 10, 12, 15, 16, 19, 20
sofia rodriguez: 2, 4, 6, 7, 9, 11, 12, 13, 17, 18, 19, 20, 22, 23, 25, 26
Megan Vega: 5, 10, 12, 15, 16, 18, 19, 20, 22, 24

============================================================
group 3
Students: 6
============================================================

Stephanie Ramos: 4, 10, 11, 13
Gabriella gonzalez: 1, 3, 4, 5, 7, 9, 15, 16, 18, 19, 20, 22, 24
Giselle Castillo: 3, 12, 15, 19, 20, 25
Kevin Prieto: 3, 4, 5, 7, 9, 12, 13, 14, 15, 19, 20, 24
Gabriella Dieguez: 1, 3, 4, 7, 12, 15, 18, 22, 27
Luis Flores: 6, 7, 11, 12, 15, 16, 19, 20, 22, 23, 27

============================================================
group 5
Students: 2
============================================================

Carlos iniguez: 13, 19, 20
Angelie Mas: 18, 20, 25

============================================================
group 6
Students: 4
============================================================

Victoria Cruz: 1, 2, 3, 4, 14, 15, 16, 19, 20, 22, 23, 24, 25, 27
Ethan Jones: 3, 13, 14, 15, 16, 19, 20, 21, 22, 25, 27
derek casal: 1, 2, 3, 4, 5, 8, 9, 10, 11, 12, 14, 15, 16, 17, 18, 19, 22, 23, 24, 25
Karina Rmirez: 2, 3, 7, 8, 9, 10, 11, 13, 14, 16, 17, 19, 20, 21, 22, 23, 24, 25, 26

============================================================
PRIVATE 1
Students: 1
============================================================

Max Bergolla: 19, 20

============================================================
PRIVATE 2
Students: 1
============================================================

Alexsandra Jimenez: 2, 10, 15, 17, 18, 19, 20, 22, 27

============================================================
Ungrouped
Students: 7
============================================================

Jannat Anjum: 1, 2, 17, 18, 19, 22, 23, 24, 25, 27
Genesy Canas: 7, 9, 12, 16, 17, 19, 22
Sophia Bergolla: 2, 7, 10, 11, 13, 16, 19, 21, 22, 23, 25
Nathan Navarro: 1, 3, 4, 6, 8, 9, 10, 16, 17, 18, 20, 21, 22, 25, 27
elvino saccuti: 11, 12, 14, 19, 25
Nicolás Sánchez: 10, 16, 19, 22
Kailynn Martinez: 10, 12, 15, 16, 19, 22
